0.051
0.0474
0.0453
0.0416
0.0388
0.0372
0.0354
0.0339
0.0325
0.0306
0.0293
0.0283
0.0283
0.0286
0.0289
0.0289
0.0291
0.0299
0.0303
0.0325
0.0336
0.0361
0.0375
0.04
0.0408
0.0473
0.0492
0.0543
0.0577
0.0618
0.0645
0.0691
0.0728
0.0745
0.08
0.0818
0.0853
0.0874
0.0897
0.093
0.0943
0.0944
0.0949
0.0966
0.0965
0.0935
0.0914
0.089
0.0882
0.0824
0.0853
0.0825
0.0797
0.0757
0.0728
0.0684
0.065
0.0605
0.0559
0.053
0.0496
0.0449
0.0424
0.0402
0.0382
0.0364
0.0335
0.0324
0.0303
0.0294
0.0301
0.0285
0.0282
0.0282
0.0272
0.0293
0.0293
0.0327
0.0315
0.0343
0.0362
0.0371
0.0385
0.0403
0.0441
0.0464
0.0489
0.0517
0.0548
0.0584
0.0627
0.0673
0.0691
0.0748
0.0792
0.0823
0.0829
0.0842
0.0882
0.0878
0.0955
0.0992
0.0978
0.0968
0.1
0.0956
0.0952
0.0925
0.0902
0.0872
0.0861
0.0816
0.0777
0.0745
0.072
0.0658
0.0646
0.059
0.0544
0.0529
0.0497
0.0442
0.0435
0.04
0.0357
0.0355
0.0351
0.0327
0.0315
0.0304
0.0296
0.0289
0.03
0.0292
0.0285
0.0283
0.0302
0.0304
0.0303
0.0327
0.0352
0.0356
0.0396
0.0398
0.0433
0.0451
0.0478
0.0506
0.0541
0.0582
0.0663
0.0694
0.0732
0.0773
0.0819
0.0821
0.0878
0.0882
0.0902
0.0918
0.0948
0.0974
0.0972
0.0979
0.0946
0.0965
0.0945
0.0929
0.0921
0.0859
0.0823
0.0778
0.0738
0.0732
0.0673
0.0689
0.0647
0.0609
0.0578
0.052
0.0498
0.0462
0.0443
0.0409
0.0398
0.037
0.0345
0.0322
0.0311
0.0305
0.0289
0.0292
0.0278
0.0278
0.0285
0.0294
0.0283
0.0292
0.0302
0.0314
0.035
0.0369
0.0389
0.0416
0.0454
0.0472
0.0513
0.0529
0.0576
0.0592
0.0647
0.0674
0.0707
0.0745
0.0791
0.0803
0.0857
0.0901
0.0921
0.0911
0.0914
0.0915
0.0926
0.0944
0.0936
0.0955
0.0993
0.0918
0.0899
0.0508
0.0472
0.0451
0.0414
0.0386
0.037
0.0352
0.0337
0.0323
0.0304
0.0291
0.0281
0.0281
0.0284
0.0287
0.0287
0.0289
0.0297
0.0301
0.0323
0.0334
0.0359
0.0373
0.0398
0.0406
0.0471
0.049
0.0541
0.0575
0.0616
0.0643
0.0689
0.0726
0.0743
0.0798
0.0816
0.0851
0.0872
0.0895
0.0928
0.0941
0.0942
0.0947
0.0964
0.0936
0.0933
0.0912
0.0888
0.0878
0.0851
0.0864
0.0823
0.0795
0.0756
0.0719
0.0683
0.0636
0.0602
0.0574
0.0532
0.0491
0.046
0.0434
0.0411
0.038
0.0358
0.0333
0.033
0.0301
0.0299
0.0288
0.0283
0.028
0.0279
0.027
0.0291
0.0299
0.0311
0.0322
0.0336
0.036
0.0369
0.0383
0.0413
0.0432
0.0462
0.0487
0.0515
0.0559
0.0582
0.0625
0.0671
0.0689
0.0731
0.0766
0.0797
0.0827
0.0853
0.0878
0.0903
0.0953
0.0961
0.0963
0.0983
0.0969
0.0965
0.095
0.0923
0.09
0.0872
0.0862
0.0814
0.0775
0.0743
0.0508
0.0472
0.0451
0.0414
0.0386
0.037
0.0352
0.0337
0.0323
0.0304
0.0291
0.0281
0.0281
0.0284
0.0287
0.0287
0.0289
0.0297
0.0301
0.0323
0.0334
0.0359
0.0373
0.0398
0.0406
0.0471
0.049
0.0541
0.0575
0.0616
0.0643
0.0689
0.0726
0.0743
0.0798
0.0816
0.0851
0.0872
0.0895
0.0928
0.0941
0.0942
0.0947
0.0964
0.0936
0.0933
0.0912
0.0888
0.0878
0.0851
0.0864
0.0823
0.0795
0.0756
0.0719
0.0683
0.0636
0.0602
0.0574
0.0532
0.0491
0.046
0.0434
0.0411
0.038
0.0358
0.0333
0.033
0.0301
0.0299
0.0288
0.0283
0.028
0.0279
0.027
0.0291
0.0299
0.0311
0.0322
0.0336
0.036
0.0369
0.0383
0.0413
0.0432
0.0462
0.0487
0.0515
0.0509
0.0473
0.0452
0.0414
0.0387
0.0371
0.0352
0.0338
0.0323
0.0304
0.0292
0.0281
0.0281
0.0284
0.0287
0.0287
0.029
0.0297
0.0301
0.0323
0.0335
0.0359
0.0373
0.0398
0.0406
0.0471
0.0491
0.0542
0.0576
0.0616
0.0644
0.0689
0.0726
0.0744
0.0798
0.0817
0.0852
0.0872
0.0895
0.0928
0.0942
0.0942
0.0947
0.0964
0.0937
0.0933
0.0912
0.0888
0.0879
0.0851
0.0865
0.0823
0.0795
0.0756
0.0719
0.0683
0.0637
0.0602
0.0574
0.0532
0.0491
0.046
0.0434
0.0412
0.038
0.0359
0.0333
0.0331
0.0301
0.0299
0.0288
0.0283
0.0281
0.0279
0.0271
0.0291
0.0299
0.0312
0.0322
0.0337
0.0361
0.0369
0.0383
0.0413
0.0433
0.0462
0.0509
0.0473
0.0452
0.0414
0.0387
0.0371
0.0352
0.0338
0.0323
0.0304
0.0292
0.0281
0.0281
0.0284
0.0287
0.0287
0.029
0.0297
0.0301
0.0323
0.0335
0.0359
0.0373
0.0398
0.0406
0.0471
0.0491
0.0542
0.0576
0.0616
0.0644
0.0689
0.0726
0.0744
0.0798
0.0817
0.0852
0.0872
0.0509
0.0473
0.0452
0.0414
0.0387
0.0371
0.0352
0.0338
0.0323
0.0304
0.0292
0.0281
0.0281
0.0284
0.0287
0.0287
0.029
0.0297
0.0301
0.0323
0.0335
0.0359
0.0373
0.0398
0.0406
0.0471
0.0491
0.0542
0.0576
0.0616
0.0644
0.0689
0.0726
0.0744
0.0798
0.0817
0.0852
0.0872
0.0895
0.0928
0.0942
0.0942
0.0947
0.0964
0.0937
0.0933
0.0912
0.0888
0.0879
0.0851
0.0865
0.0823
0.0795
0.0756
0.0719
0.0683
0.0637
0.0602
0.0509
0.0473
0.0452
0.0414
0.0387
0.0371
0.0352
0.0338
0.0323
0.0304
0.0292
0.0281
0.0281
0.0284
0.0287
0.0287
0.029
0.0297
0.0301
0.0323
0.0335
0.0359
0.0373
0.0398
0.0406
0.0471
0.0491
0.0542
0.0576
0.0616
0.0644
0.0689
0.0726
0.0744
0.0798
0.0817
0.0852
0.0872
0.0895
0.0928
0.0942
0.0942
0.0947
0.0964
0.0937
0.0933
0.0912
0.0888
0.0879
0.0851
0.0865
0.0823
0.0795
0.0756
0.0719
0.0683
0.0637
0.0602
0.0574
0.0532
0.0491
0.046
0.0434
0.0412
0.038
0.0359
0.0333
0.0331
0.0301
0.0299
0.0288
0.0283
0.0509
0.0473
0.0452
0.0414
0.0387
0.0371
0.0352
0.0338
0.0323
0.0304
0.0292
0.0281
0.0281
0.0284
0.0287
0.0287
0.029
0.0297
0.0301
0.0323
0.0335
0.0359
0.0373
0.0398
0.0406
0.0471
0.0491
0.0533
0.0562
0.06
0.0644
0.0689
0.072
0.0739
0.0802
0.0817
0.0852
0.0872
0.0895
0.0928
0.0937
0.0942
0.0954
0.0964
0.0937
0.0933
0.0923
0.0907
0.0879
0.0851
0.0865
0.0833
0.0795
0.0756
0.071
0.0683
0.0637
0.0602
0.0571
0.0532
0.0491
0.046
0.0434
0.0398
0.038
0.0359
0.0342
0.0331
0.0315
0.0299
0.0289
0.0283
0.0281
0.028
0.0271
0.0291
0.0291
0.0326
0.0314
0.0337
0.035
0.0362
0.0383
0.0416
0.0439
0.0462
0.0487
0.0528
0.055
0.06
0.0626
0.0671
0.0708
0.0731
0.0766
0.0797
0.0828
0.0853
0.0867
0.0889
0.0953
0.0978
0.098
0.0983
0.0968
0.0965
0.0957
0.0943
0.0914
0.0873
0.0842
0.0816
0.0775
0.0743
0.0702
0.0675
0.0635
0.0588
0.0543
0.0515
0.0485
0.0458
0.0433
0.0398
0.0355
0.0344
0.0342
0.0325
0.0314
0.0302
0.0291
0.0296
0.0289
0.0281
0.0287
0.029
0.03
0.03
0.0312
0.0333
0.0348
0.0354
0.0383
0.0402
0.0431
0.045
0.0477
0.0504
0.054
0.058
0.065
0.0681
0.073
0.0772
0.0817
0.0836
0.0851
0.0879
0.0914
0.091
0.0942
0.0951
0.097
0.0977
0.0964
0.094
0.0938
0.0915
0.0888
0.0866
0.0822
0.0785
0.0762
0.0712
0.0671
0.0674
0.0633
0.0608
0.0564
0.0532
0.0496
0.0473
0.0441
0.0404
0.0397
0.0356
0.0343
0.0328
0.0312
0.0304
0.0294
0.0281
0.0277
0.028
0.0287
0.028
0.0292
0.0291
0.03
0.0305
0.0349
0.0367
0.0387
0.042
0.044
0.0483
0.0495
0.0528
0.0571
0.0608
0.063
0.0672
0.0705
0.0744
0.0772
0.0819
0.0855
0.0895
0.0888
0.0909
0.0922
0.0941
0.0938
0.0942
0.0934
0.0967
0.0961
0.0509
0.0473
0.0452
0.0414
0.0387
0.0371
0.0352
0.0338
0.0323
0.0304
0.0292
0.0281
0.0281
0.0284
0.0287
0.0287
0.029
0.0297
0.0301
0.0323
0.0335
0.0359
0.0373
0.0398
0.0406
0.0471
0.0491
0.0542
0.0576
0.0616
0.0644
0.0689
0.0726
0.0744
0.0798
0.051
0.0474
0.0453
0.0415
0.0388
0.0372
0.0353
0.0339
0.0324
0.0306
0.0293
0.0282
0.0282
0.0286
0.0288
0.0289
0.0291
0.0299
0.0303
0.0324
0.0336
0.036
0.0375
0.0399
0.0407
0.0472
0.0492
0.0543
0.0577
0.0617
0.0645
0.0691
0.0727
0.0745
0.08
0.0818
0.0853
0.0873
0.0896
0.093
0.0943
0.0943
0.0509
0.0473
0.0452
0.0414
0.0387
0.0371
0.0352
0.0338
0.0323
0.0304
0.0292
0.0281
0.0281
0.0284
0.0287
0.0287
0.029
0.0297
0.0301
0.0323
0.0335
0.0359
0.051
0.0474
0.0453
0.0415
0.0388
0.0372
0.0353
0.0339
0.0324
0.0306
0.0293
0.0282
0.0282
0.0286
0.0288
0.0289
0.0291
0.0299
0.0303
0.0324
0.0336
0.0352
0.0375
0.0399
0.0424
0.049
0.0513
0.0534
0.0577
0.0617
0.0645
0.0691
0.0711
0.0763
0.0803
0.0818
0.0854
0.0893
0.0896
0.0914
0.0965
0.0944
0.0926
0.0952
0.0934
0.0928
0.0913
0.0896
0.0868
0.0851
0.0853
0.085
0.0808
0.0764
0.0728
0.07
0.0644
0.0604
0.0572
0.0529
0.0495
0.0448
0.0436
0.0398
0.0392
0.0349
0.0347
0.0323
0.0317
0.03
0.0294
0.0282
0.0282
0.051
0.0474
0.0453
0.0415
0.0388
0.0372
0.0353
0.0339
0.0324
0.0306
0.0293
0.0282
0.0282
0.0286
0.0288
0.0289
0.0291
0.0299
0.0303
0.0324
0.0336
0.036
0.0375
0.0399
0.0407
0.0472
0.051
0.0474
0.0453
0.0415
0.0388
0.0372
0.0353
0.0339
0.0324
0.0306
0.0293
0.0282
0.0282
0.0286
0.0288
0.0289
0.0291
0.0299
0.0303
0.0324
0.0336
0.0352
0.0375
0.0399
0.0424
0.0447
0.0504
0.0543
0.0577
0.0617
0.063
0.0691
0.0733
0.0736
0.0761
0.0804
0.0833
0.0852
0.0895
0.095
0.092
0.0943
0.098
0.0965
0.0965
0.0938
0.0913
0.0905
0.0864
0.0849
0.0853
0.0835
0.0795
0.0773
0.072
0.0676
0.0649
0.0626
0.0576
0.0533
0.0496
0.045
0.0436
0.0413
0.0392
0.0373
0.0334
0.0333
0.0303
0.0311
0.0295
0.0284
0.0276
0.028
0.0271
0.0295
0.031
0.0299
0.0334
0.0333
0.0362
0.037
0.0385
0.0414
0.0434
0.0463
0.0488
0.0516
0.0561
0.0583
0.0627
0.0672
0.0691
0.0732
0.0759
0.078
0.0829
0.0855
0.0852
0.0889
0.0954
0.0967
0.0977
0.1004
0.0981
0.0988
0.0952
0.0925
0.0902
0.0879
0.0864
0.0815
0.0777
0.0745
0.0717
0.0657
0.0645
0.0589
0.0555
0.0528
0.0496
0.0442
0.041
0.0399
0.0363
0.0361
0.0344
0.0342
0.0334
0.0323
0.0315
0.0304
0.03
0.0292
0.0284
0.0284
0.0293
0.0302
0.0323
0.0323
0.0342
0.0355
0.0396
0.0398
0.0426
0.0451
0.0478
0.0505
0.0541
0.0581
0.0641
0.0694
0.0732
0.0758
0.0777
0.0828
0.0877
0.0881
0.0902
0.0939
0.0947
0.0933
0.0952
0.0958
0.0949
0.0965
0.0944
0.0928
0.088
0.0876
0.0823
0.0792
0.0787
0.073
0.0682
0.0701
0.0647
0.0609
0.0577
0.0547
0.0502
0.0471
0.0443
0.0405
0.0387
0.037
0.0344
0.032
0.031
0.0305
0.0299
0.0291
0.0278
0.0285
0.0293
0.0282
0.0309
0.0302
0.0297
0.0326
0.0326
0.0384
0.0395
0.0395
0.0437
0.0461
0.0513
0.0549
0.0547
0.0592
0.0644
0.0643
0.0704
0.0728
0.0785
0.0795
0.0829
0.0853
0.088
0.0911
0.0946
0.0915
0.096
0.0943
0.0935
0.0987
0.0934
0.0955
0.0899
0.0871
0.0836
0.0823
0.0758
0.0756
0.0722
0.0643
0.0644
0.0574
0.0578
0.0525
0.0469
0.0481
0.043
0.0398
0.0355
0.0356
0.034
0.0301
0.0302
0.0271
0.0271
0.0299
0.0299
0.0299
0.0279
0.0315
0.0315
0.0299
0.0338
0.0327
0.0327
0.0363
0.0363
0.0413
0.0419
0.047
0.048
0.0496
0.0571
0.0593
0.062
0.0652
0.0688
0.073
0.0719
0.0814
0.0856
0.051
0.0474
0.0453
0.0415
0.0388
0.0372
0.0353
0.0339
0.0324
0.0306
0.0293
0.0282
0.0282
0.0286
0.0288
0.0289
0.0291
0.0299
0.0303
0.0324
0.0336
0.036
0.0375
0.0399
0.0407
0.0472
0.0492
0.0543
0.0577
0.0617
0.0645
0.0691
0.0727
